Linha[5000]: 0.000000
Linha[10000]: 0.000000
Linha[15000]: 0.000000
Linha[20000]: 0.000000
Linha[25000]: 0.000000
Linha[30000]: 0.000000
Linha[35000]: 8.000000
Linha[40000]: 0.000000
Linha[45000]: 1.000000
Linha[50000]: 4.000000
